time,x,y,z,phi,theta,psi,x_velocity,y_velocity,z_velocity,phi_velocity,theta_velocity,psi_velocity,rotor_speed1,rotor_speed2,rotor_speed3,rotor_speed4
0.06,9.675225745440594e-08,2.1232086792562655e-07,10.004545684670694,0.00020049821588052907,6.282942988967118,0.0,1.4800557508194169e-05,1.885955583292928e-05,0.15151403255499835,0.009303955975522988,-0.013674705159161317,0.0,453.3873235667569,452.2875869450988,452.68812906473806,453.43598559253314
0.12000000000000001,8.564381339001483e-06,7.706945532114057e-06,10.016703101759337,0.0008349232122366601,6.281561541302837,0.0,0.000363089574488467,0.0002920995519017768,0.25371524961666353,0.012999521101761112,-0.05835177385405131,0.0,439.59238179787116,435.8747483509713,437.375203109849,437.6827046382249
0.18,6.781067904481735e-05,4.1871825480276954e-05,10.03073863202429,0.0021305250809930953,6.27799064584913,0.0,0.001899333990840051,0.0009343767927412776,0.21414360057746967,0.0348140396055153,-0.06194792286188122,0.0,390.1035472343414,389.76461892853786,389.41480363062766,391.4498038528848
0.23999999999999996,0.0003138745236055774,0.00015479171597304565,10.048545141500059,0.004108372438469843,6.274926666790762,0.0,0.006674524033424258,0.003056890494635559,0.3793627055321102,0.028981582408276765,-0.03524977806654526,0.0,455.7020147709875,457.82899243533893,457.8625290373181,457.3987383809448
0.3,0.0009054867495712159,0.00043709126476765926,10.075804401516603,0.006389675275422668,6.272265744000611,0.0,0.01329054208772468,0.006577448314689871,0.5292179322908424,0.051770611237352694,-0.07720695291092251,0.0,453.8942698534578,450.5133965340863,452.1317792810694,453.96443486838575
0.36000000000000004,0.0019678699095075944,0.0009882697238204948,10.112386563847211,0.009349291810087479,6.267398170392937,0.0,0.022646975854424475,0.0121318171492001,0.6900944804782926,0.04392897780743197,-0.09041239251078054,0.0,456.74643055736794,455.6869771820305,456.38858717960795,455.76380913291246
0.4200000000000001,0.0036985612831637897,0.0019346091258319925,10.15828267539163,0.012416883894913688,6.262057931026421,0.0,0.03562946829966106,0.019726733260548766,0.839663680277611,0.06260929361592867,-0.0863281036848293,0.0,452.164510644178,452.4869190394007,452.74570975114176,454.2475399633698
0.48000000000000015,0.0063040998262145365,0.0033957989951536823,10.212175609295151,0.016133852650949798,6.256584547545465,0.0,0.05177394702816746,0.029368799877792267,0.9566578717925488,0.060596714375446094,-0.10344670515986104,0.0,443.78650297582345,442.37213143394854,443.1443927628867,442.98172046698335
0.5400000000000001,0.010042802123792473,0.005541152782621188,10.274715579476073,0.01980098090196769,6.250836553329854,0.0,0.07351418268902614,0.04255096696854479,1.127827111513447,0.06214260507395304,-0.0837495521285153,0.0,459.9183700162181,461.46792903551676,459.227032490711,459.3521577977836
0.6000000000000002,0.015188404905468304,0.008546497503852422,10.346796197605926,0.023556959371575203,6.245860421814932,0.0,0.09854534895805889,0.058031246404520634,1.2746789970007801,0.06349798503121981,-0.08135623582518008,0.0,453.05473998517135,453.24164745937145,452.76221153130086,452.8739855388275
0.6600000000000003,0.02196746321056598,0.012578475749951743,10.428279030775013,0.02759247047007829,6.241363153825574,0.0,0.12793730359989663,0.0768023267786006,1.4411865722722665,0.0738781998833865,-0.06451969127529854,0.0,459.0731301185978,460.4026831933415,458.5945541238256,459.4214432424489
0.7200000000000003,0.03074145040860789,0.01792099416615906,10.522878099693928,0.03290982486183314,6.237536014648711,0.0,0.16500252288130443,0.10190309571823683,1.711707126239679,0.10825062498255228,-0.06235722275620937,0.0,490.1517385271985,490.30985127293883,489.18632672853556,491.7442409053635
0.7800000000000004,0.041700196768922906,0.024815192454641827,10.6307693803735,0.039769022073220306,6.23457769178491,0.0,0.20064432824912723,0.12864858224090994,1.8843512868589982,0.12430178693301046,-0.03126525524181463,0.0,461.44983891414995,463.8958526511653,461.88767318810153,463.1626658802771
0.8400000000000004,0.05482486519824599,0.03344675172090251,10.748344019111832,0.047075395880605164,6.232137717800665,0.0,0.23704819766033042,0.1598668606664669,2.034496601466142,0.11616934651996953,-0.07654099189500187,0.0,457.7491705076009,454.1307752886974,457.2697062495319,456.6343801831589
0.9000000000000005,0.07011779022585037,0.04403517659086732,10.873344531049407,0.05408703652897984,6.227243958889002,0.0,0.2731850507041238,0.19378039231715558,2.131941113075687,0.11820743355395225,-0.09419583935300656,0.0,441.17762623431844,439.7119498393939,440.93717747591666,441.1178565349401
0.9600000000000005,0.0881503001663593,0.05725661836949438,11.01235484128521,0.061479120909576856,6.221840507975134,0.0,0.32863781799656,0.2479184564773952,2.5008844843376807,0.13167010191636508,-0.08285749317230014,0.0,520.010403151289,520.7984571481039,519.4828983661006,520.4372438325305
1.0200000000000005,0.10918344633261612,0.07345940368158599,11.165820935335516,0.0694639948724598,6.216994751052686,0.0,0.37295953645655006,0.29298054881031904,2.6142973629074415,0.13576104657545332,-0.07687374174589053,0.0,448.58896745442905,449.0693858273125,447.23003133410253,447.5792631780311
1.0800000000000005,0.1329274130688485,0.0924835602265643,11.325343858084535,0.0783881886581348,6.212030787006473,0.0,0.41896620993209704,0.34200262008835614,2.7028127169748286,0.1666906250311227,-0.09824880605372448,0.0,442.8165231224494,441.0488286277264,438.87246464186575,441.45237536123983
1.1400000000000006,0.15963126572634687,0.11473951978905103,11.491449907572681,0.0884139075378112,6.2059494077752095,0.0,0.47177397323030257,0.40089688509580973,2.8335780777637294,0.16789155753467097,-0.10842957012274546,0.0,455.4023879698456,454.5786242776066,454.9359721707159,455.05810434934625
1.2000000000000006,0.1894205443039645,0.14049691852115745,11.662635698322068,0.09855279712466025,6.199942717960756,0.0,0.5217693106429543,0.45860495186895034,2.8723545276919817,0.17107395991974386,-0.08723150360799388,0.0,426.17436452828815,427.9730604364545,426.27054801480665,426.5710682134282
1.2600000000000007,0.22268482835276673,0.17034310728729946,11.840448408975078,0.10878751468392878,6.195279410172116,0.0,0.5875545302276782,0.5373782489911917,3.0540555166466086,0.16957055137453533,-0.06343214534237973,0.0,471.07568517865946,472.9077573437955,472.1466558697667,472.05669070585543
1.3200000000000007,0.25972530109885855,0.2048108205776322,12.026073357825995,0.11876919318351487,6.191348425409597,0.0,0.6474839115123326,0.6125070938084124,3.1330356411903173,0.15902602749668954,-0.07004746045179239,0.0,442.0289297342399,441.48020420146685,442.27232573485395,441.4295311829932
1.3800000000000008,0.3005732282714568,0.24415508637938302,12.217826456308572,0.12888825078173927,6.187665037649744,0.0,0.7144849310308542,0.699954251234457,3.258159198338464,0.18306346817575983,-0.04809660316709337,0.0,455.9166881661911,457.6644288791542,456.58721611056956,458.526761117686
1.4400000000000008,0.3452974992686349,0.2886721858054774,12.414818848441282,0.14001723130227361,6.185055075539001,0.0,0.7765572861535591,0.7849596440570062,3.307883958520359,0.18992285169763976,-0.03560726356241079,0.0,433.8859015769028,434.93206996696193,434.3157277683635,434.9248345135312
1.5000000000000009,0.39393170358448637,0.33870260871265756,12.616159501867802,0.15154788058843938,6.1833041449855095,0.0,0.8447343886561123,0.8838222510289171,3.402927815288747,0.19633699023314102,-0.01871255074501181,0.0,448.8884521241965,450.25710776002006,449.8614375325346,450.41594651292473
1.560000000000001,0.44704386769683724,0.3954456653098972,12.82668074696817,0.16332274449337003,6.182755707852623,0.0,0.9256781093066496,1.008881386548259,3.6134711965756616,0.19606891155436573,0.005227320120255985,0.0,484.46139754994425,486.25825843989526,486.72248285013364,486.73637845167644
1.620000000000001,0.5045758567532227,0.45924954749421154,13.045458064707926,0.17493237932565187,6.182912181887453,0.0,0.9919865733602432,1.118986864586955,3.6786120870864787,0.1877804466214531,-0.003226964257221622,0.0,444.2100045815042,443.5160932476208,443.5643838192351,442.9197275589586
1.680000000000001,0.5658324762389753,0.5294469478253077,13.26566126397236,0.18660416630530108,6.1825410076791485,0.0,1.049906133858635,1.2218802489579423,3.6612778750122392,0.20541708750726928,-0.012881781222786139,0.0,417.8753738637041,417.03292412857985,416.42890411530107,418.00815824083196
1.740000000000001,0.6305814293550891,0.6060425877646332,13.484908380887756,0.19978988274946463,6.182436592196719,0.0,1.1084031877007716,1.3323744676591138,3.64668385883655,0.23900762876768422,0.014359489088582913,0.0,417.93353177064813,420.30138304960485,417.0369418305281,420.01044474052446
1.8000000000000012,0.6987395280837903,0.6893086764949975,13.702315048631366,0.21408479475048736,6.183112011921525,0.0,1.1634555270068012,1.4443046037134553,3.6000098210830616,0.23668868138411792,0.004190306978472334,0.0,409.4484276338451,408.54253215281807,407.8530918884568,407.7081584389238
1.8600000000000012,0.7707443585070812,0.7807128863256416,13.922295971099711,0.22817137446985836,6.183833110418554,0.0,1.2365682200927484,1.6038606638871413,3.731759128779564,0.23065642273464634,0.024303221834565857,0.0,466.4745642995071,468.0425315328346,467.87063046804076,467.4526273358868
1.9200000000000013,0.8466232490767499,0.8808675353377596,14.145337882241058,0.24157375198448872,6.1857994296008165,0.0,1.2925521838511012,1.7357298801686292,3.702668811834368,0.20199761850030998,0.04584109451952725,0.0,415.87930383728883,417.76218872502875,418.4386131874625,415.9881540966365
1.9800000000000013,0.9260461964391009,0.9897139360789897,14.368854504096017,0.2539988825394337,6.188658440200541,0.0,1.354551107229548,1.8935302741377682,3.74729991423103,0.21568427721069217,0.05104179681213635,0.0,441.6596493988602,442.0898002241325,442.5547960299511,443.72205343093214
2.0400000000000014,1.0091131868455214,1.1082251614912662,14.59485420732973,0.26712961813815905,6.191251461665761,0.0,1.414011775691876,2.057940373272028,3.7854084749307786,0.22450841272558855,0.01903762830677745,0.0,443.23967215817936,440.60231808320276,441.0994909199681,441.8752695221196
2.1000000000000014,1.0958579311961272,1.237301641042972,14.824738799610701,0.2804790039827125,6.192320737841378,0.0,1.4772872254213967,2.2457655312594835,3.8764902127823615,0.2181204618141118,0.01527044781296816,0.0,459.8377988056746,459.5391724820843,461.00651344634315,460.548556888246
2.1600000000000015,1.186345965197872,1.377829835880246,15.05973882824291,0.2933409387913839,6.193670746285459,0.0,1.5387842302150685,2.4395866201139254,3.9559339574881034,0.2055553194048399,0.03402667999008184,0.0,457.7990061544688,459.28916587918866,458.980932997229,458.0262065314152
2.2200000000000015,1.2806464823112544,1.5307543662672278,15.301144017971247,0.30509750227027066,6.195385562973463,0.0,1.6042505786202836,2.658908698701168,4.089723988012282,0.1576206784392858,0.014517732227243134,0.0,478.70377177558635,477.21694891504814,478.8577366551924,475.229553383109
2.2800000000000016,1.3781522261334784,1.6947200223035206,15.543092177219492,0.31456418063965064,6.196317065083845,0.0,1.6458681850630104,2.8072742499665035,3.9752294344848336,0.1580903098552549,0.017467051076554645,0.0,395.67381941223607,395.94522692676026,396.7964087734307,396.8663955348533
2.3400000000000016,1.4781861452320768,1.8678884355073258,15.778684869411585,0.32386775985992156,6.197132667628875,0.0,1.6885082416359107,2.9656502118162797,3.8777775399248995,0.14819009635819583,0.004429888974613801,0.0,403.66731418455373,402.4888577538224,402.5918679837109,401.72039067483723
2.4000000000000017,1.5814798141910287,2.0533374258123733,16.01627002832278,0.3323145311909501,6.197444570513635,0.0,1.7544643301635408,3.2165261910810132,4.040426065985012,0.11876563268822432,0.006692774882082155,0.0,488.9653643128849,489.13383763897406,490.67653642711866,488.50294003010555
2.4600000000000017,1.6883255326341966,2.252506693751054,16.25924162783303,0.339349296972153,6.197786932178447,0.0,1.806961645946382,3.4228388233858125,4.058033947132286,0.11402256109826392,0.0036555756100525028,0.0,445.969510265494,445.7212308322919,446.1532477779576,445.7780365143349
2.520000000000002,1.7984767184453823,2.4648142989251496,16.50508002586718,0.3459330099869291,6.198662436704703,0.0,1.8645908469127221,3.6543812355087018,4.1356870374107455,0.0993567081335858,0.03047139300511354,0.0,465.9018121320085,467.99393027096767,467.2851384568186,466.1502266586298
2.580000000000002,1.9120434307390757,2.6910693601165074,16.75540524712124,0.3517216295324772,6.200708836450449,0.0,1.9206708907833154,3.8876526215603735,4.207645593849849,0.08999141075633485,0.040532310637638624,0.0,467.15020681793203,467.9345854903797,466.57983011093654,465.8554212895637
2.640000000000002,2.0288966178551977,2.931294868852439,17.009714907627856,0.3569919741273768,6.2029658538783785,0.0,1.974103856690396,4.119994693692882,4.268558549451947,0.083147173229085,0.031036297692280036,0.0,464.5892237401418,463.8445593605078,466.2884593297318,465.75938918466215
2.700000000000002,2.14912849088838,3.1865183692117824,17.270288921777578,0.36226093824676475,6.205503047847852,0.0,2.033233741108342,4.387444416879722,4.415983107464179,0.09581157429034746,0.05849789614064101,0.0,492.9779050389277,495.0039199023853,493.27803942790905,494.21800416292416
2.760000000000002,2.2723294279027306,3.4555509400884317,17.533558022927824,0.3687512948244285,6.209219532399256,0.0,2.0731114867212312,4.580591805499796,4.359421164050821,0.12552193405332696,0.06806307297127144,0.0,429.8932940550602,430.70606778889993,428.855390793175,431.38234240912584
2.820000000000002,2.3982428145631696,3.7381846511790426,17.798396056674342,0.37679602140586965,6.213128203747164,0.0,2.1234411629179757,4.8407896555052075,4.467277193970589,0.14724450160775016,0.058557490388870474,0.0,485.16905651481505,484.457446942338,484.43284429656177,486.0783954101685
2.880000000000002,2.5268307335994518,4.035230615577107,18.066285055183616,0.3853672950666178,6.216655211850469,0.0,2.1624247201535174,5.061143549760038,4.461672473402908,0.13220041706567429,0.05923144639940485,0.0,450.9047010641077,450.9615114588586,451.87627805205705,450.6802095772418
2.940000000000002,2.6578854227535538,4.3467639150114055,18.336629072125284,0.39314360807034987,6.219749321224354,0.0,2.2055916276918577,5.323499302887047,4.548576226395011,0.12383793842637719,0.028251614183837627,0.0,483.42576991579875,481.08663758426405,483.3888528172497,482.77202531773696
3.000000000000002,2.7914439070395987,4.674038429677466,18.611859049177202,0.4005119235259844,6.22153225018951,0.0,2.246076140241898,5.585766158926612,4.624554594380142,0.12065772632523732,0.03249285210396313,0.0,481.3558669843439,481.6769785749552,482.23055643734034,482.0025834030365
3.0600000000000023,2.9272787767901676,5.016469997897732,18.88999627378527,0.4077215812897128,6.223513371387689,0.0,2.2814833813038584,5.828755012324967,4.645794837150799,0.11914945856447817,0.03404994667603254,0.0,466.6390535055797,466.7609791732494,466.8680083398124,466.7625420350287
3.1200000000000023,3.0650300244838817,5.37248063656987,19.166862632616713,0.4148647183938001,6.225569341015726,0.0,2.3100062426803762,6.038489606182084,4.582704312249877,0.11885741600151618,0.034695029013998735,0.0,439.279733725716,439.33373595982226,441.1740370178638,441.1627813000988
3.1800000000000024,3.204636084103754,5.74245541144872,19.442890184627164,0.4220146011956798,6.2286441276545865,0.0,2.343173549055539,6.294052079395875,4.617200399358724,0.11977175379258398,0.07245766361555354,0.0,472.55174457211785,475.455737672559,473.88082165805105,473.96292306196443
3.2400000000000024,3.345984207790905,6.1265466035942024,19.71806211082996,0.4291126727866006,6.2334501585574955,0.0,2.367983087731485,6.509177175170054,4.554812592501547,0.11518791106368931,0.09214746503857094,0.0,442.9167259216992,444.53858187308606,443.6616345241706,443.2976156847787
3.3000000000000025,3.488759867133551,6.52390563391902,19.99011729350371,0.43721855820238353,6.239987982407769,0.0,2.3905927153124633,6.736305111079595,4.5131458823865405,0.1589373413449461,0.1303884143719901,0.0,450.42311793368754,453.51550438664265,449.57549290269077,453.12257806813636
3.3600000000000025,3.632814339743237,6.9355552045432765,20.26085953507655,0.44672880815956795,6.248257906396329,0.0,2.4103683141670054,6.985601785833218,4.510664193367044,0.15762460720132065,0.14962216011830357,0.0,465.5467108276156,467.0659684330353,466.36789250306543,466.2878590122126
3.4200000000000026,3.777884657647671,7.362339853282606,20.531531654505738,0.45605237466188786,6.2578234188732775,0.0,2.4243292614584817,7.240760731461174,4.510774670655296,0.1505138555361271,0.17404098573242296,0.0,468.0401680355628,469.9594577324203,469.77417324164185,469.24372368718224
3.4800000000000026,3.923458978482936,7.802083403277764,20.7971691708474,0.4645957728014345,6.268162409850181,0.0,2.427379761591329,7.417792519727164,4.344026882926915,0.11656244065895283,0.16862868973219294,0.0,412.6261850734478,412.17898649562176,413.2572264575468,410.27249504136523
3.5400000000000027,4.069090807530845,8.253516226331502,21.0548192496313,0.4724962023935557,6.2786437958111385,0.0,2.4261303139988115,7.6301577958778815,4.2441220148590615,0.1516263695326422,0.1846557652886227,0.0,434.9224561981977,436.2928860885264,435.48418792650756,438.4236053399272
3.6000000000000028,4.214467619547409,8.718719249730919,21.308340114226002,0.4818804805482264,0.0074408899050553146,0.0,2.418649141760294,7.876781036496671,4.205828717369143,0.16455672214696354,0.21959628742579418,0.0,457.1464658233027,459.9593045416531,458.23743364830756,459.2866033945132
3.660000000000003,4.35914619908425,9.199301973914393,21.560446587992985,0.49203093632465933,0.020899697125998706,0.0,2.4026368262590068,8.14278737667942,4.19668418550643,0.1770888084774311,0.23237154477515645,0.0,470.0488138237324,471.0846785341992,469.7430549187927,470.7396643678961
3.720000000000003,4.502639981174631,9.69488126738933,21.80994316877234,0.5028449029889783,0.03466238156345636,0.0,2.379260428230582,8.376812708750085,4.119241432399016,0.18586938137075518,0.22260970534006186,0.0,450.06160403071885,449.3221390629824,448.1887684201692,448.93302648707305
3.780000000000003,4.6445605182732494,10.203607393438302,22.05293739529906,0.5139321070065748,0.047761896957180916,0.0,2.350380029687358,8.581121805394801,3.980325385612312,0.18253208869744117,0.20799431071303617,0.0,428.8221651642624,427.6273656783059,428.24928361654554,427.9997598995893
3.840000000000003,4.784452983795986,10.725545128467731,22.289091609105352,0.5248824728081445,0.06062291144158127,0.0,2.311620136332768,8.817035903344419,3.890826413790899,0.18245414188060188,0.22471270392095977,0.0,446.63479772931197,448.04129823307596,446.8858304745492,446.9115149288937
3.900000000000003,4.921877939660266,11.261030108596998,22.5186212425925,0.5358912328477503,0.073944193315441,0.0,2.268149430237257,9.032752335657806,3.7597875293204885,0.18545175158806837,0.21601991585821753,0.0,433.0035909149559,432.32170631577077,433.8976188608042,434.1827585966185
3.960000000000003,5.056006166298735,11.812713129969241,22.745571092849723,0.5470939945484314,0.08685895045430847,0.0,2.201494461929937,9.356499155739321,3.80338366345157,0.18911870456938182,0.21365425789369052,0.0,496.309288172623,496.1760333668467,495.9060831227801,496.20528606799525
4.020000000000002,5.186322031010399,12.381183493170477,22.970521156948656,0.5584599157836356,0.09967834360860373,0.0,2.1413392491499166,9.59267171039369,3.694266559605417,0.19005042726344484,0.21366113327588346,0.0,446.6445254632102,446.68987801204736,446.74491541209204,446.8555959236871
4.080000000000001,5.313243006557495,12.961665660637255,23.18529845931126,0.5694361174273332,0.11266417970546261,0.0,2.088505314760758,9.757173456463494,3.465238590795299,0.1623372118107461,0.22145390611365184,0.0,400.40856930130843,401.1689119423091,402.9189930368206,400.4402992511827
4.14,5.436157939588096,13.555186302611602,23.391197105469317,0.5791836966884896,0.12604118385135532,0.0,2.0075506265068497,10.026667417895021,3.397081185120085,0.1627030942538503,0.2257809112168649,0.0,462.6205207722785,463.0082797635894,463.67400877995567,463.72668656704735
4.199999999999998,5.553428795578169,14.167226679373389,23.596446786654603,0.5896920489224922,0.1398723719085293,0.0,1.9002069019586187,10.374089027350093,3.4425543163269308,0.19255611691549604,0.2386094699897687,0.0,505.5513874737282,506.52068918625383,503.87258555018303,506.0514999330216
4.259999999999997,5.664923424847803,14.796409654581879,23.798664553985166,0.6009015120377716,0.15395742391591494,0.0,1.815236433624945,10.598744133385857,3.297459697036962,0.17178840090501016,0.22565171348157198,0.0,442.2196015422382,441.205702495911,442.05464777576753,440.3731781040554
4.319999999999996,5.770841618819887,15.44005776330559,23.993488332586892,0.6120543536307128,0.1673334329290599,0.0,1.714361398394705,10.856005943335118,3.1957047534787564,0.20489671440526938,0.21686466654063735,0.0,459.5589391117169,458.9091236568236,458.598562048735,461.25290266599626
4.379999999999995,5.8708607750867765,16.097927039749703,24.18032442120913,0.6239354004002466,0.18056796692664,0.0,1.618718275007772,11.073026153262076,3.0315806549203987,0.17846701217817637,0.2271098704946166,0.0,437.18025053835663,438.08221881444905,439.3593789426057,437.2001071262089
4.439999999999993,5.964831679193503,16.769217616530543,24.357754328684123,0.6346276374595128,0.19463798062365711,0.0,1.5126858586729703,11.303188788946056,2.8821176891011198,0.17767337115082046,0.2462141487026446,0.0,443.5736847949082,445.1946049548059,446.13713277922596,446.1028140071417
4.499999999999992,6.051656840415637,17.456025227279987,24.528439520215628,0.6453359088206865,0.20900597888826766,0.0,1.3804254959311764,11.589881105147716,2.806035770980799,0.180018654441054,0.22049322123981763,0.0,476.8616923642242,474.94457937820926,474.94195916555094,475.1503409846676
4.559999999999991,6.130752442729514,18.158785234248477,24.692775272967296,0.6560544242829742,0.22209860190428188,0.0,1.2552432662347928,11.83512423142915,2.67094119465575,0.17574019282445005,0.2132118712970015,0.0,456.7748338523567,456.23925548928014,455.79261455337047,455.4803607604704
4.6199999999999894,6.20192799624759,18.876836868658902,24.849665386086617,0.6670615404716855,0.23490037435726574,0.0,1.1164852747486165,12.099431322988451,2.557581680592906,0.19557627322626303,0.21366264395470277,0.0,466.5685215482858,466.6462637940379,466.6990807421292,468.27569766453263
4.679999999999988,6.26560215178684,19.608131001350024,24.996332817660473,0.678550684904649,0.24725487234960752,0.0,1.0052484590104154,12.277062460209084,2.3311390682696116,0.1817194830756105,0.18217182165621945,0.0,423.401885538401,420.7258250048763,425.0724219923851,423.9202319220456
4.739999999999987,6.322770401769046,20.34932231795214,25.128439880948797,0.6893727205082962,0.2586485853523657,0.0,0.8997304035745717,12.429413214812577,2.0725729173480203,0.17752011424476877,0.20203348776748126,0.0,408.71561069152455,410.52068998958345,409.19906258299795,408.8594205802635
4.799999999999986,6.371951703143632,21.10331063132869,25.249458325274336,0.7005458356852188,0.27076850830026356,0.0,0.7390321595636826,12.702809811754749,1.960058159066484,0.19954885572175676,0.2019292000250652,0.0,472.0229399477483,472.05227454471117,470.94284541911173,472.6752384108487
4.859999999999984,6.412238058924155,21.871556426037106,25.36108635944862,0.7129500175572003,0.28325451531111856,0.0,0.6032243963309567,12.90511916918997,1.7602368676268307,0.2181930036480661,0.2182131404566273,0.0,437.9837030750276,439.37936524966943,438.39362665473834,439.98282667794064
4.919999999999983,6.443643536727838,22.65323677747729,25.46214136833642,0.7258461785586423,0.29601602256264936,0.0,0.4430254969165094,13.150324000182833,1.6070076643364148,0.20747833655714307,0.19840210538463898,0.0,462.1594891316873,460.6371697578473,461.37903910543474,460.57568751927744
4.979999999999982,6.465512825487851,23.449102971818718,25.553299197793642,0.738247250438306,0.30815416689780406,0.0,0.28544936978811775,13.378002666595306,1.4305729071926279,0.20505063776672716,0.20913146462955845,0.0,454.1776386440191,455.0766816551858,454.80261377502904,454.64898187130524
5.0399999999999805,6.478230883251379,24.25766035335719,25.632731667130535,0.7506710065261863,0.32116281502406085,0.0,0.137916086368664,13.573517870186562,1.2165143658687076,0.21080396059215042,0.2288915080751076,0.0,440.82124453153097,442.49803335736,439.6423361941793,440.16156178409886
